     0.0 +6377494.476   -11306.820       +0.000    -0.047439    -0.012117    -0.000000 -0.0881864471 +0.7015861676 -0.7015861676 -0.0881864471 +0.00000 +0.00000 +0.00000    1000.000  0.00014 -1.3189433 +1.00000    -632.50
     0.1 +6377494.476   -11306.757       +0.000    -0.047439    +2.081464    +0.000000 +0.4942708625 +0.5056642310 -0.5056642310 +0.4942708625 -0.00000 -0.00000 +0.04744    1000.000  0.00612 -0.0245601 +3.63835    -632.50
     0.2 +6377494.476   -11306.377       +0.000    -0.047439    +5.513564    +0.000000 +0.4978444194 +0.5021463274 -0.5021463274 +0.4978444194 +0.00000 +0.00000 -0.00000    1000.000  0.01620 -0.0103767 +3.63835    -632.50
     0.3 +6377494.476   -11305.654       +0.000    -0.047439    +8.945664    +0.000000 +0.4986725022 +0.5013239826 -0.5013239826 +0.4986725022 +0.00000 +0.00000 -0.00000    1000.000  0.02629 -0.0070757 +3.63835    -632.50
     0.4 +6377494.476   -11304.588       +0.000    -0.047439   +12.377764    +0.000000 +0.4990409375 +0.5009572264 -0.5009572264 +0.4990409375 +0.00000 +0.00000 -0.00000    1000.000  0.03637 -0.0056052 +3.63835    -632.51
     0.5 +6377494.476   -11303.178       +0.000    -0.047439   +15.809864    +0.000000 +0.4992492910 +0.5007495836 -0.5007495836 +0.4992492910 +0.00000 +0.00000 -0.00000    1000.000  0.04646 -0.0047729 +3.63835    -632.51
     0.6 +6377494.476   -11301.426       +0.000    -0.047439   +19.241964    +0.000000 +0.4993832732 +0.5006159670 -0.5006159670 +0.4993832732 +0.00000 +0.00000 -0.00000    1000.000  0.05655 -0.0042375 +3.63835    -632.51
     0.7 +6377494.476   -11299.330       +0.000    -0.047439   +22.674064    +0.000000 +0.4994766736 +0.5005227792 -0.5005227792 +0.4994766736 +0.00000 +0.00000 -0.00000    1000.000  0.06663 -0.0038640 +3.63835    -632.51
     0.8 +6377494.476   -11296.891       +0.000    -0.047439   +26.106164    +0.000000 +0.4995455049 +0.5004540824 -0.5004540824 +0.4995455049 +0.00000 +0.00000 -0.00000    1000.000  0.07672 -0.0035885 +3.63835    -632.52
     0.9 +6377494.476   -11294.109       +0.000    -0.047439   +29.538264    +0.000000 +0.4995983345 +0.5004013431 -0.5004013431 +0.4995983345 +0.00000 +0.00000 -0.00000    1000.000  0.08680 -0.0033769 +3.63835    -632.52
     1.0 +6377494.476   -11290.983       +0.000    -0.047439   +32.970364    +0.000000 +0.4996401614 +0.5003595798 -0.5003595798 +0.4996401614 +0.00000 +0.00000 -0.00000    1000.000  0.09689 -0.0032093 +3.63835    -632.53
     1.1 +6377494.476   -11287.515       +0.000    -0.047439   +36.402464    +0.000000 +0.4996740988 +0.5003256889 -0.5003256889 +0.4996740988 +0.00000 +0.00000 -0.00000    1000.000  0.10697 -0.0030731 +3.63835    -632.54
     1.2 +6377494.476   -11283.703       +0.000    -0.047439   +39.834564    +0.000000 +0.4997021864 +0.5002976363 -0.5002976363 +0.4997021864 +0.00000 +0.00000 -0.00000    1000.000  0.11706 -0.0029602 +3.63835    -632.54
     1.3 +6377494.476   -11279.548       +0.000    -0.047439   +43.266664    +0.000000 +0.4997258167 +0.5002740330 -0.5002740330 +0.4997258167 +0.00000 +0.00000 -0.00000    1000.000  0.12715 -0.0028651 +3.63835    -632.55
     1.4 +6377494.476   -11275.050       +0.000    -0.047439   +46.698764    +0.000000 +0.4997459727 +0.5002538983 -0.5002538983 +0.4997459727 +0.00000 +0.00000 -0.00000    1000.000  0.13723 -0.0027838 +3.63835    -632.56
     1.5 +6377494.476   -11270.208       +0.000    -0.047439   +50.130864    +0.000000 +0.4997633683 +0.5002365198 -0.5002365198 +0.4997633683 +0.00000 +0.00000 -0.00000    1000.000  0.14732 -0.0027135 +3.63836    -632.57
     1.6 +6377494.476   -11265.023       +0.000    -0.047439   +53.562964    +0.000000 +0.4997785340 +0.5002213679 -0.5002213679 +0.4997785340 +0.00000 +0.00000 -0.00000    1000.000  0.15740 -0.0026520 +3.63836    -632.58
     1.7 +6377494.476   -11259.495       +0.000    -0.047439   +56.995064    +0.000000 +0.4997918729 +0.5002080405 -0.5002080405 +0.4997918729 +0.00000 +0.00000 -0.00000    1000.000  0.16749 -0.0025978 +3.63836    -632.58
     1.8 +6377494.476   -11253.624       +0.000    -0.047439   +60.427164    +0.000000 +0.4998036963 +0.5001962267 -0.5001962267 +0.4998036963 +0.00000 +0.00000 -0.00000    1000.000  0.17757 -0.0025496 +3.63836    -632.60
     1.9 +6377494.476   -11247.410       +0.000    -0.047439   +63.859264    +0.000000 +0.4998142485 +0.5001856825 -0.5001856825 +0.4998142485 +0.00000 +0.00000 -0.00000    1000.000  0.18766 -0.0025065 +3.63836    -632.61
     2.0 +6377494.476   -11240.853       +0.000    -0.047439   +67.291364    +0.000000 +0.4998237242 +0.5001762137 -0.5001762137 +0.4998237242 +0.00000 +0.00000 -0.00000    1000.000  0.19774 -0.0024676 +3.63836    -632.62
     2.1 +6377494.476   -11233.952       +0.000    -0.047439   +70.723464    +0.000000 +0.4998322800 +0.5001676637 -0.5001676637 +0.4998322800 +0.00000 +0.00000 -0.00000    1000.000  0.20783 -0.0024323 +3.63836    -632.63
     2.2 +6377494.476   -11226.708       +0.000    -0.047439   +74.155564    +0.000000 +0.4998400437 +0.5001599051 -0.5001599051 +0.4998400437 +0.00000 +0.00000 -0.00000    1000.000  0.21792 -0.0024001 +3.63836    -632.64
     2.3 +6377494.476   -11219.121       +0.000    -0.047439   +77.587664    +0.000000 +0.4998471205 +0.5001528328 -0.5001528328 +0.4998471205 +0.00000 +0.00000 -0.00000    1000.000  0.22800 -0.0023706 +3.63836    -632.66
     2.4 +6377494.476   -11211.190       +0.000    -0.047439   +81.019764    +0.000000 +0.4998535976 +0.5001463595 -0.5001463595 +0.4998535976 +0.00000 +0.00000 -0.00000    1000.000  0.23809 -0.0023435 +3.63836    -632.67
     2.5 +6377494.476   -11202.917       +0.000    -0.047439   +84.451864    +0.000000 +0.4998595482 +0.5001404123 -0.5001404123 +0.4998595482 +0.00000 +0.00000 -0.00000    1000.000  0.24817 -0.0023184 +3.63837    -632.68
     2.6 +6377494.476   -11194.300       +0.000    -0.047439   +87.883964    +0.000000 +0.4998650340 +0.5001349296 -0.5001349296 +0.4998650340 +0.00000 +0.00000 -0.00000    1000.000  0.25826 -0.0022951 +3.63837    -632.70
     2.7 +6377494.476   -11185.340       +0.000    -0.047439   +91.316064    +0.000000 +0.4998701073 +0.5001298590 -0.5001298590 +0.4998701073 +0.00000 +0.00000 -0.00000    1000.000  0.26834 -0.0022734 +3.63837    -632.72
     2.8 +6377494.476   -11176.037       +0.000    -0.047439   +94.748164    +0.000000 +0.4998748130 +0.5001251556 -0.5001251556 +0.4998748130 +0.00000 +0.00000 -0.00000    1000.000  0.27843 -0.0022531 +3.63837    -632.73
     2.9 +6377494.476   -11166.390       +0.000    -0.047439   +98.180264    +0.000000 +0.4998791897 +0.5001207811 -0.5001207811 +0.4998791897 +0.00000 +0.00000 -0.00000    1000.000  0.28852 -0.0022341 +3.63837    -632.75
     3.0 +6377494.476   -11156.401       +0.000    -0.047439  +101.612364    +0.000000 +0.4998832708 +0.5001167020 -0.5001167020 +0.4998832708 +0.00000 +0.00000 -0.00000    1000.000  0.29860 -0.0022162 +3.63837    -632.77
     3.1 +6377494.476   -11146.068       +0.000    -0.047439  +105.044464    +0.000000 +0.4998870851 +0.5001128894 -0.5001128894 +0.4998870851 +0.00000 +0.00000 -0.00000    1000.000  0.30869 -0.0021993 +3.63837    -632.78
     3.2 +6377494.476   -11135.392       +0.000    -0.047439  +108.476564    +0.000000 +0.4998906580 +0.5001093181 -0.5001093181 +0.4998906580 +0.00000 +0.00000 -0.00000    1000.000  0.31877 -0.0021834 +3.63838    -632.80
     3.3 +6377494.476   -11124.372       +0.000    -0.047439  +111.908664    +0.000000 +0.4998940117 +0.5001059658 -0.5001059658 +0.4998940117 +0.00000 +0.00000 -0.00000    1000.000  0.32886 -0.0021682 +3.63838    -632.82
     3.4 +6377494.476   -11113.010       +0.000    -0.047439  +115.340764    +0.000000 +0.4998971658 +0.5001028130 -0.5001028130 +0.4998971658 +0.00000 +0.00000 -0.00000    1000.000  0.33894 -0.0021538 +3.63838    -632.84
     3.5 +6377494.476   -11101.304       +0.000    -0.047439  +118.772864    +0.000000 +0.4999001377 +0.5000998424 -0.5000998424 +0.4999001377 +0.00000 +0.00000 -0.00000    1000.000  0.34903 -0.0021401 +3.63838    -632.86
     3.6 +6377494.476   -11089.255       +0.000    -0.047439  +122.204964    +0.000000 +0.4999029426 +0.5000970386 -0.5000970386 +0.4999029426 +0.00000 +0.00000 -0.00000    1000.000  0.35912 -0.0021270 +3.63838    -632.88
     3.7 +6377494.476   -11076.863       +0.000    -0.047439  +125.637064    +0.000000 +0.4999055942 +0.5000943880 -0.5000943880 +0.4999055942 +0.00000 +0.00000 -0.00000    1000.000  0.36920 -0.0021145 +3.63838    -632.90
     3.8 +6377494.476   -11064.128       +0.000    -0.047439  +129.069164    +0.000000 +0.4999081048 +0.5000918783 -0.5000918783 +0.4999081048 +0.00000 +0.00000 -0.00000    1000.000  0.37929 -0.0021024 +3.63839    -632.93
     3.9 +6377494.476   -11051.050       +0.000    -0.047439  +132.501264    +0.000000 +0.4999104853 +0.5000894987 -0.5000894987 +0.4999104853 +0.00000 +0.00000 -0.00000    1000.000  0.38937 -0.0020908 +3.63839    -632.95
     4.0 +6377494.476   -11037.628       +0.000    -0.047439  +135.933364    +0.000000 +0.4999127456 +0.5000872392 -0.5000872392 +0.4999127456 +0.00000 +0.00000 -0.00000    1000.000  0.39946 -0.0020797 +3.63839    -632.97
     4.1 +6377494.476   -11023.863       +0.000    -0.047439  +139.365464    +0.000000 +0.4999148946 +0.5000850910 -0.5000850910 +0.4999148946 +0.00000 +0.00000 -0.00000    1000.000  0.40954 -0.0020689 +3.63839    -633.00
     4.2 +6377494.476   -11009.755       +0.000    -0.047439  +142.797564    +0.000000 +0.4999169402 +0.5000830460 -0.5000830460 +0.4999169402 +0.00000 +0.00000 -0.00000    1000.000  0.41963 -0.0020586 +3.63839    -633.02
     4.3 +6377494.476   -10995.303       +0.000    -0.047439  +146.229664    +0.000000 +0.4999188898 +0.5000810970 -0.5000810970 +0.4999188898 +0.00000 +0.00000 -0.00000    1000.000  0.42972 -0.0020485 +3.63840    -633.05
     4.4 +6377494.476   -10980.509       +0.000    -0.047439  +149.661764    +0.000000 +0.4999207500 +0.5000792374 -0.5000792374 +0.4999207500 +0.00000 +0.00000 -0.00000    1000.000  0.43980 -0.0020387 +3.63840    -633.07
     4.5 +6377494.476   -10965.371       +0.000    -0.047439  +153.093864    +0.000000 +0.4999225268 +0.5000774612 -0.5000774612 +0.4999225268 +0.00000 +0.00000 -0.00000    1000.000  0.44989 -0.0020293 +3.63840    -633.10
     4.6 +6377494.476   -10949.890       +0.000    -0.047439  +156.525964    +0.000000 +0.4999242257 +0.5000757628 -0.5000757628 +0.4999242257 +0.00000 +0.00000 -0.00000    1000.000  0.45997 -0.0020200 +3.63840    -633.12
     4.7 +6377494.476   -10934.066       +0.000    -0.047439  +159.958064    +0.000000 +0.4999258516 +0.5000741374 -0.5000741374 +0.4999258516 +0.00000 +0.00000 -0.00000    1000.000  0.47006 -0.0020110 +3.63841    -633.15
     4.8 +6377494.476   -10917.898       +0.000    -0.047439  +163.390164    +0.000000 +0.4999274093 +0.5000725802 -0.5000725802 +0.4999274093 +0.00000 +0.00000 -0.00000    1000.000  0.48014 -0.0020023 +3.63841    -633.18
     4.9 +6377494.476   -10901.388       +0.000    -0.047439  +166.822264    +0.000000 +0.4999289028 +0.5000710871 -0.5000710871 +0.4999289028 +0.00000 +0.00000 -0.00000    1000.000  0.49023 -0.0019937 +3.63841    -633.21
     5.0 +6377494.476   -10884.534       +0.000    -0.047439  +170.254364    +0.000000 +0.4999303361 +0.5000696542 -0.5000696542 +0.4999303361 +0.00000 +0.00000 -0.00000    1000.000  0.50032 -0.0019853 +3.63841    -633.24
     5.1 +6377494.476   -10867.337       +0.000    -0.047439  +173.686464    +0.000000 +0.4999317128 +0.5000682779 -0.5000682779 +0.4999317128 +0.00000 +0.00000 -0.00000    1000.000  0.51040 -0.0019771 +3.63842    -633.27
     5.2 +6377494.476   -10849.797       +0.000    -0.047439  +177.118564    +0.000000 +0.4999330361 +0.5000669549 -0.5000669549 +0.4999330361 +0.00000 +0.00000 -0.00000    1000.000  0.52049 -0.0019691 +3.63842    -633.30
     5.3 +6377494.476   -10831.913       +0.000    -0.047439  +180.550664    +0.000000 +0.4999343091 +0.5000656822 -0.5000656822 +0.4999343091 +0.00000 +0.00000 -0.00000    1000.000  0.53057 -0.0019612 +3.63842    -633.33
     5.4 +6377494.476   -10813.686       +0.000    -0.047439  +183.982764    +0.000000 +0.4999355346 +0.5000644571 -0.5000644571 +0.4999355346 +0.00000 +0.00000 -0.00000    1000.000  0.54066 -0.0019534 +3.63842    -633.36
     5.5 +6377494.476   -10795.117       +0.000    -0.047439  +187.414864    +0.000000 +0.4999367153 +0.5000632767 -0.5000632767 +0.4999367153 +0.00000 +0.00000 -0.00000    1000.000  0.55074 -0.0019458 +3.63843    -633.39
     5.6 +6377494.476   -10776.204       +0.000    -0.047439  +190.846964    +0.000000 +0.4999378534 +0.5000621389 -0.5000621389 +0.4999378534 +0.00000 +0.00000 -0.00000    1000.000  0.56083 -0.0019383 +3.63843    -633.42
     5.7 +6377494.476   -10756.947       +0.000    -0.047439  +194.279064    +0.000000 +0.4999389513 +0.5000610412 -0.5000610412 +0.4999389513 +0.00000 +0.00000 -0.00000    1000.000  0.57092 -0.0019309 +3.63843    -633.45
     5.8 +6377494.476   -10737.348       +0.000    -0.047439  +197.711164    +0.000000 +0.4999400112 +0.5000599816 -0.5000599816 +0.4999400112 +0.00000 +0.00000 -0.00000    1000.000  0.58100 -0.0019236 +3.63844    -633.49
     5.9 +6377494.476   -10717.405       +0.000    -0.047439  +201.143264    +0.000000 +0.4999410348 +0.5000589582 -0.5000589582 +0.4999410348 +0.00000 +0.00000 -0.00000    1000.000  0.59109 -0.0019163 +3.63844    -633.52
     6.0 +6377494.476   -10697.119       +0.000    -0.047439  +204.575364    +0.000000 +0.4999420241 +0.5000579692 -0.5000579692 +0.4999420241 +0.00000 +0.00000 -0.00000    1000.000  0.60117 -0.0019092 +3.63844    -633.55
     6.1 +6377494.476   -10676.490       +0.000    -0.047439  +208.007464    +0.000000 +0.4999429808 +0.5000570127 -0.5000570127 +0.4999429808 +0.00000 +0.00000 -0.00000    1000.000  0.61126 -0.0019022 +3.63844    -633.59
     6.2 +6377494.476   -10655.518       +0.000    -0.047439  +211.439564    +0.000000 +0.4999439064 +0.5000560874 -0.5000560874 +0.4999439064 +0.00000 +0.00000 -0.00000    1000.000  0.62134 -0.0018952 +3.63845    -633.62
     6.3 +6377494.476   -10634.202       +0.000    -0.047439  +214.871664    +0.000000 +0.4999448024 +0.5000551915 -0.5000551915 +0.4999448024 +0.00000 +0.00000 -0.00000    1000.000  0.63143 -0.0018882 +3.63845    -633.66
     6.4 +6377494.476   -10612.543       +0.000    -0.047439  +218.303764    +0.000000 +0.4999456702 +0.5000543239 -0.5000543239 +0.4999456702 +0.00000 +0.00000 -0.00000    1000.000  0.64152 -0.0018814 +3.63845    -633.69
     6.5 +6377494.476   -10590.541       +0.000    -0.047439  +221.735864    +0.000000 +0.4999465112 +0.5000534831 -0.5000534831 +0.4999465112 +0.00000 +0.00000 -0.00000    1000.000  0.65160 -0.0018746 +3.63846    -633.73
     6.6 +6377494.476   -10568.196       +0.000    -0.047439  +225.167964    +0.000000 +0.4999473265 +0.5000526679 -0.5000526679 +0.4999473265 +0.00000 +0.00000 -0.00000    1000.000  0.66169 -0.0018678 +3.63846    -633.77
     6.7 +6377494.476   -10545.508       +0.000    -0.047439  +228.600064    +0.000000 +0.4999481174 +0.5000518772 -0.5000518772 +0.4999481174 +0.00000 +0.00000 -0.00000    1000.000  0.67177 -0.0018611 +3.63846    -633.81
     6.8 +6377494.476   -10522.476       +0.000    -0.047439  +232.032164    +0.000000 +0.4999488849 +0.5000511099 -0.5000511099 +0.4999488849 +0.00000 +0.00000 -0.00000    1000.000  0.68186 -0.0018544 +3.63847    -633.84
     6.9 +6377494.476   -10499.101       +0.000    -0.047439  +235.464264    +0.000000 +0.4999496299 +0.5000503650 -0.5000503650 +0.4999496299 +0.00000 +0.00000 -0.00000    1000.000  0.69194 -0.0018477 +3.63847    -633.88
     7.0 +6377494.476   -10475.383       +0.000    -0.047439  +238.896364    +0.000000 +0.4999503536 +0.5000496415 -0.5000496415 +0.4999503536 +0.00000 +0.00000 -0.00000    1000.000  0.70203 -0.0018411 +3.63848    -633.92
     7.1 +6377494.476   -10451.322       +0.000    -0.047439  +242.328464    +0.000000 +0.4999510568 +0.5000489384 -0.5000489384 +0.4999510568 +0.00000 +0.00000 -0.00000    1000.000  0.71212 -0.0018345 +3.63848    -633.96
     7.2 +6377494.476   -10426.918       +0.000    -0.047439  +245.760564    +0.000000 +0.4999517403 +0.5000482550 -0.5000482550 +0.4999517403 +0.00000 +0.00000 -0.00000    1000.000  0.72220 -0.0018280 +3.63848    -634.00
     7.3 +6377494.476   -10402.170       +0.000    -0.047439  +249.192664    +0.000000 +0.4999524050 +0.5000475904 -0.5000475904 +0.4999524050 +0.00000 +0.00000 -0.00000    1000.000  0.73229 -0.0018214 +3.63849    -634.04
     7.4 +6377494.476   -10377.079       +0.000    -0.047439  +252.624764    +0.000000 +0.4999530517 +0.5000469439 -0.5000469439 +0.4999530517 +0.00000 +0.00000 -0.00000    1000.000  0.74237 -0.0018149 +3.63849    -634.08
     7.5 +6377494.476   -10351.645       +0.000    -0.047439  +256.056864    +0.000000 +0.4999536810 +0.5000463147 -0.5000463147 +0.4999536810 +0.00000 +0.00000 -0.00000    1000.000  0.75246 -0.0018084 +3.63849    -634.12
     7.6 +6377494.476   -10325.868       +0.000    -0.047439  +259.488964    +0.000000 +0.4999542937 +0.5000457022 -0.5000457022 +0.4999542937 +0.00000 +0.00000 -0.00000    1000.000  0.76254 -0.0018019 +3.63850    -634.16
     7.7 +6377494.476   -10299.747       +0.000    -0.047439  +262.921064    +0.000000 +0.4999548903 +0.5000451056 -0.5000451056 +0.4999548903 +0.00000 +0.00000 -0.00000    1000.000  0.77263 -0.0017954 +3.63850    -634.21
     7.8 +6377494.476   -10273.283       +0.000    -0.047439  +266.353164    +0.000000 +0.4999554716 +0.5000445244 -0.5000445244 +0.4999554716 +0.00000 +0.00000 -0.00000    1000.000  0.78271 -0.0017890 +3.63851    -634.25
     7.9 +6377494.476   -10246.476       +0.000    -0.047439  +269.785264    +0.000000 +0.4999560381 +0.5000439580 -0.5000439580 +0.4999560381 +0.00000 +0.00000 -0.00000    1000.000  0.79280 -0.0017825 +3.63851    -634.29
     8.0 +6377494.476   -10219.326       +0.000    -0.047439  +273.217364    +0.000000 +0.4999565904 +0.5000434059 -0.5000434059 +0.4999565904 +0.00000 +0.00000 -0.00000    1000.000  0.80289 -0.0017760 +3.63851    -634.34
     8.1 +6377494.476   -10191.833       +0.000    -0.047439  +276.649464    +0.000000 +0.4999571289 +0.5000428674 -0.5000428674 +0.4999571289 +0.00000 +0.00000 -0.00000    1000.000  0.81297 -0.0017696 +3.63852    -634.38
     8.2 +6377494.476   -10163.996       +0.000    -0.047439  +280.081564    +0.000000 +0.4999576543 +0.5000423421 -0.5000423421 +0.4999576543 +0.00000 +0.00000 -0.00000    1000.000  0.82306 -0.0017631 +3.63852    -634.42
     8.3 +6377494.476   -10135.817       +0.000    -0.047439  +283.513664    +0.000000 +0.4999581669 +0.5000418296 -0.5000418296 +0.4999581669 +0.00000 +0.00000 -0.00000    1000.000  0.83314 -0.0017566 +3.63853    -634.47
     8.4 +6377494.476   -10107.294       +0.000    -0.047439  +286.945764    +0.000000 +0.4999586673 +0.5000413293 -0.5000413293 +0.4999586673 +0.00000 +0.00000 -0.00000    1000.000  0.84323 -0.0017502 +3.63853    -634.52
     8.5 +6377494.476   -10078.428       +0.000    -0.047439  +290.377864    +0.000000 +0.4999591559 +0.5000408408 -0.5000408408 +0.4999591559 +0.00000 +0.00000 -0.00000    1000.000  0.85331 -0.0017437 +3.63854    -634.56
     8.6 +6377494.476   -10049.218       +0.000    -0.047439  +293.809964    +0.000000 +0.4999596330 +0.5000403638 -0.5000403638 +0.4999596330 +0.00000 +0.00000 -0.00000    1000.000  0.86340 -0.0017372 +3.63854    -634.61
     8.7 +6377494.476   -10019.666       +0.000    -0.047439  +297.242064    +0.000000 +0.4999600991 +0.5000398977 -0.5000398977 +0.4999600991 +0.00000 +0.00000 -0.00000    1000.000  0.87349 -0.0017307 +3.63854    -634.65
     8.8 +6377494.476    -9989.770       +0.000    -0.047439  +300.674164    +0.000000 +0.4999605546 +0.5000394423 -0.5000394423 +0.4999605546 +0.00000 +0.00000 -0.00000    1000.000  0.88357 -0.0017242 +3.63855    -634.70
     8.9 +6377494.476    -9959.531       +0.000    -0.047439  +304.106264    +0.000000 +0.4999609998 +0.5000389972 -0.5000389972 +0.4999609998 +0.00000 +0.00000 -0.00000    1000.000  0.89366 -0.0017177 +3.63855    -634.75
     9.0 +6377494.476    -9928.948       +0.000    -0.047439  +307.538364    +0.000000 +0.4999614350 +0.5000385620 -0.5000385620 +0.4999614350 +0.00000 +0.00000 -0.00000    1000.000  0.90374 -0.0017111 +3.63856    -634.80
     9.1 +6377494.476    -9898.334       +0.000    -0.047439  +310.936143    +0.000000 +0.4999618565 +0.5000381406 -0.5000381406 +0.4999618565 +0.00000 +0.00000 -0.00000    1000.000  0.91373 -0.0017046 +3.63856    -634.84
     9.2 +6377494.476    -9867.069       +0.000    -0.047439  +314.368243    +0.000000 +0.4999622729 +0.5000377242 -0.5000377242 +0.4999622729 +0.00000 +0.00000 -0.00000    1000.000  0.92381 -0.0016981 +3.63857    -634.89
     9.3 +6377494.476    -9835.460       +0.000    -0.047439  +317.800343    +0.000000 +0.4999626804 +0.5000373169 -0.5000373169 +0.4999626804 +0.00000 +0.00000 -0.00000    1000.000  0.93390 -0.0016915 +3.63857    -634.94
     9.4 +6377494.476    -9803.509       +0.000    -0.047439  +321.232443    +0.000000 +0.4999630791 +0.5000369182 -0.5000369182 +0.4999630791 +0.00000 +0.00000 -0.00000    1000.000  0.94399 -0.0016849 +3.63858    -634.99
     9.5 +6377494.476    -9771.214       +0.000    -0.047439  +324.664543    +0.000000 +0.4999634694 +0.5000365279 -0.5000365279 +0.4999634694 +0.00000 +0.00000 -0.00000    1000.000  0.95407 -0.0016783 +3.63858    -635.04
     9.6 +6377494.476    -9738.576       +0.000    -0.047439  +328.096643    +0.000000 +0.4999638516 +0.5000361458 -0.5000361458 +0.4999638516 +0.00000 +0.00000 -0.00000    1000.000  0.96416 -0.0016716 +3.63859    -635.09
     9.7 +6377494.476    -9705.595       +0.000    -0.047439  +331.528743    +0.000000 +0.4999642258 +0.5000357716 -0.5000357716 +0.4999642258 +0.00000 +0.00000 -0.00000    1000.000  0.97424 -0.0016649 +3.63859    -635.14
     9.8 +6377494.476    -9672.270       +0.000    -0.047439  +334.960843    +0.000000 +0.4999645924 +0.5000354051 -0.5000354051 +0.4999645924 +0.00000 +0.00000 -0.00000    1000.000  0.98433 -0.0016582 +3.63860    -635.19
     9.9 +6377494.476    -9638.602       +0.000    -0.047439  +338.392943    +0.000000 +0.4999649515 +0.5000350460 -0.5000350460 +0.4999649515 +0.00000 +0.00000 -0.00000    1000.000  0.99441 -0.0016515 +3.63860    -635.24
    10.0 +6377494.476    -9604.591       +0.000    -0.047439  +341.825043    +0.000000 +0.4999653034 +0.5000346942 -0.5000346942 +0.4999653034 +0.00000 +0.00000 -0.00000    1000.000  1.00450 -0.0016448 +3.63861    -635.29
    10.1 +6377494.476    -9570.237       +0.000    -0.047439  +345.257143    +0.000000 +0.4999656483 +0.5000343493 -0.5000343493 +0.4999656483 +0.00000 +0.00000 -0.00000    1000.000  1.01458 -0.0016380 +3.63861    -635.34
    10.2 +6377494.476    -9535.540       +0.000    -0.047439  +348.689243    +0.000000 +0.4999659865 +0.5000340112 -0.5000340112 +0.4999659865 +0.00000 +0.00000 -0.00000    1000.000  1.02467 -0.0016312 +3.63862    -635.40
    10.3 +6377494.476    -9500.499       +0.000    -0.047439  +352.121343    +0.000000 +0.4999663180 +0.5000336797 -0.5000336797 +0.4999663180 +0.00000 +0.00000 -0.00000    1000.000  1.03476 -0.0016244 +3.63862    -635.45
    10.4 +6377494.476    -9465.116       +0.000    -0.047439  +355.553443    +0.000000 +0.4999666431 +0.5000333546 -0.5000333546 +0.4999666431 +0.00000 +0.00000 -0.00000    1000.000  1.04484 -0.0016176 +3.63863    -635.50
    10.5 +6377494.476    -9429.389       +0.000    -0.047439  +358.985543    +0.000000 +0.4999669621 +0.5000330358 -0.5000330358 +0.4999669621 +0.00000 +0.00000 -0.00000    1000.000  1.05493 -0.0016107 +3.63863    -635.55
    10.6 +6377494.476    -9393.319       +0.000    -0.047439  +362.417643    +0.000000 +0.4999672749 +0.5000327229 -0.5000327229 +0.4999672749 +0.00000 +0.00000 -0.00000    1000.000  1.06501 -0.0016038 +3.63864    -635.61
    10.7 +6377494.476    -9356.905       +0.000    -0.047439  +365.849743    +0.000000 +0.4999675819 +0.5000324159 -0.5000324159 +0.4999675819 +0.00000 +0.00000 -0.00000    1000.000  1.07510 -0.0015968 +3.63864    -635.66
    10.8 +6377494.476    -9320.149       +0.000    -0.047439  +369.281843    +0.000000 +0.4999678833 +0.5000321147 -0.5000321147 +0.4999678833 +0.00000 +0.00000 -0.00000    1000.000  1.08518 -0.0015899 +3.63865    -635.71
    10.9 +6377494.476    -9283.049       +0.000    -0.047439  +372.713943    +0.000000 +0.4999681790 +0.5000318190 -0.5000318190 +0.4999681790 +0.00000 +0.00000 -0.00000    1000.000  1.09527 -0.0015829 +3.63866    -635.77
    11.0 +6377494.476    -9245.606       +0.000    -0.047439  +376.146043    +0.000000 +0.4999684694 +0.5000315287 -0.5000315287 +0.4999684694 +0.00000 +0.00000 -0.00000    1000.000  1.10536 -0.0015758 +3.63866    -635.82
    11.1 +6377494.476    -9207.820       +0.000    -0.047439  +379.578143    +0.000000 +0.4999687545 +0.5000312436 -0.5000312436 +0.4999687545 +0.00000 +0.00000 -0.00000    1000.000  1.11544 -0.0015688 +3.63867    -635.88
    11.2 +6377494.476    -9169.690       +0.000    -0.047439  +383.010243    +0.000000 +0.4999690345 +0.5000309636 -0.5000309636 +0.4999690345 +0.00000 +0.00000 -0.00000    1000.000  1.12553 -0.0015617 +3.63867    -635.93
    11.3 +6377494.476    -9131.218       +0.000    -0.047439  +386.442343    +0.000000 +0.4999693095 +0.5000306886 -0.5000306886 +0.4999693095 +0.00000 +0.00000 -0.00000    1000.000  1.13561 -0.0015545 +3.63868    -635.99
    11.4 +6377494.476    -9092.402       +0.000    -0.047439  +389.874443    +0.000000 +0.4999695797 +0.5000304185 -0.5000304185 +0.4999695797 +0.00000 +0.00000 -0.00000    1000.000  1.14570 -0.0015474 +3.63868    -636.04
    11.5 +6377494.476    -9053.243       +0.000    -0.047439  +393.306543    +0.000000 +0.4999698451 +0.5000301531 -0.5000301531 +0.4999698451 +0.00000 +0.00000 -0.00000    1000.000  1.15578 -0.0015402 +3.63869    -636.10
    11.6 +6377494.476    -9013.740       +0.000    -0.047439  +396.738643    +0.000000 +0.4999701060 +0.5000298922 -0.5000298922 +0.4999701060 +0.00000 +0.00000 -0.00000    1000.000  1.16587 -0.0015329 +3.63870    -636.15
    11.7 +6377494.476    -8973.895       +0.000    -0.047439  +400.170743    +0.000000 +0.4999703624 +0.5000296358 -0.5000296358 +0.4999703624 +0.00000 +0.00000 -0.00000    1000.000  1.17596 -0.0015257 +3.63870    -636.21
    11.8 +6377494.476    -8933.706       +0.000    -0.047439  +403.602843    +0.000000 +0.4999706144 +0.5000293838 -0.5000293838 +0.4999706144 +0.00000 +0.00000 -0.00000    1000.000  1.18604 -0.0015184 +3.63871    -636.27
    11.9 +6377494.476    -8893.174       +0.000    -0.047439  +407.034943    +0.000000 +0.4999708622 +0.5000291361 -0.5000291361 +0.4999708622 +0.00000 +0.00000 -0.00000    1000.000  1.19613 -0.0015110 +3.63871    -636.32
    12.0 +6377494.476    -8852.299       +0.000    -0.047439  +410.467043    +0.000000 +0.4999711059 +0.5000288925 -0.5000288925 +0.4999711059 +0.00000 +0.00000 -0.00000    1000.000  1.20621 -0.0015036 +3.63872    -636.38
    12.1 +6377494.476    -8811.081       +0.000    -0.047439  +413.899143    +0.000000 +0.4999713455 +0.5000286529 -0.5000286529 +0.4999713455 +0.00000 +0.00000 -0.00000    1000.000  1.21630 -0.0014962 +3.63873    -636.44
    12.2 +6377494.476    -8769.520       +0.000    -0.047439  +417.331243    +0.000000 +0.4999715811 +0.5000284173 -0.5000284173 +0.4999715811 +0.00000 +0.00000 -0.00000    1000.000  1.22638 -0.0014887 +3.63873    -636.49
    12.3 +6377494.476    -8727.615       +0.000    -0.047439  +420.763343    +0.000000 +0.4999718129 +0.5000281855 -0.5000281855 +0.4999718129 +0.00000 +0.00000 -0.00000    1000.000  1.23647 -0.0014812 +3.63874    -636.55
    12.4 +6377494.476    -8685.367       +0.000    -0.047439  +424.195443    +0.000000 +0.4999720410 +0.5000279574 -0.5000279574 +0.4999720410 +0.00000 +0.00000 -0.00000    1000.000  1.24656 -0.0014737 +3.63875    -636.61
    12.5 +6377494.476    -8642.776       +0.000    -0.047439  +427.627543    +0.000000 +0.4999722654 +0.5000277331 -0.5000277331 +0.4999722654 +0.00000 +0.00000 -0.00000    1000.000  1.25664 -0.0014661 +3.63875    -636.67
    12.6 +6377494.476    -8599.841       +0.000    -0.047439  +431.059643    +0.000000 +0.4999724862 +0.5000275123 -0.5000275123 +0.4999724862 +0.00000 +0.00000 -0.00000    1000.000  1.26673 -0.0014585 +3.63876    -636.73
    12.7 +6377494.476    -8556.564       +0.000    -0.047439  +434.491743    +0.000000 +0.4999727036 +0.5000272949 -0.5000272949 +0.4999727036 +0.00000 +0.00000 -0.00000    1000.000  1.27681 -0.0014509 +3.63876    -636.78
    12.8 +6377494.476    -8512.943       +0.000    -0.047439  +437.923843    +0.000000 +0.4999729175 +0.5000270810 -0.5000270810 +0.4999729175 +0.00000 +0.00000 -0.00000    1000.000  1.28690 -0.0014432 +3.63877    -636.84
    12.9 +6377494.476    -8468.979       +0.000    -0.047439  +441.355943    +0.000000 +0.4999731281 +0.5000268704 -0.5000268704 +0.4999731281 +0.00000 +0.00000 -0.00000    1000.000  1.29698 -0.0014354 +3.63878    -636.90
    13.0 +6377494.476    -8424.672       +0.000    -0.047439  +444.788043    +0.000000 +0.4999733355 +0.5000266631 -0.5000266631 +0.4999733355 +0.00000 +0.00000 -0.00000    1000.000  1.30707 -0.0014277 +3.63878    -636.96
    13.1 +6377494.476    -8380.021       +0.000    -0.047439  +448.220143    +0.000000 +0.4999735396 +0.5000264590 -0.5000264590 +0.4999735396 +0.00000 +0.00000 -0.00000    1000.000  1.31716 -0.0014198 +3.63879    -637.02
    13.2 +6377494.476    -8335.028       +0.000    -0.047439  +451.652243    +0.000000 +0.4999737407 +0.5000262579 -0.5000262579 +0.4999737407 +0.00000 +0.00000 -0.00000    1000.000  1.32724 -0.0014120 +3.63880    -637.08
    13.3 +6377494.476    -8289.691       +0.000    -0.047439  +455.084343    +0.000000 +0.4999739388 +0.5000260599 -0.5000260599 +0.4999739388 +0.00000 +0.00000 -0.00000    1000.000  1.33733 -0.0014041 +3.63880    -637.14
    13.4 +6377494.476    -8244.011       +0.000    -0.047439  +458.516443    +0.000000 +0.4999741338 +0.5000258648 -0.5000258648 +0.4999741338 +0.00000 +0.00000 -0.00000    1000.000  1.34741 -0.0013961 +3.63881    -637.20
    13.5 +6377494.476    -8197.988       +0.000    -0.047439  +461.948543    +0.000000 +0.4999743260 +0.5000256727 -0.5000256727 +0.4999743260 +0.00000 +0.00000 -0.00000    1000.000  1.35750 -0.0013881 +3.63882    -637.26
    13.6 +6377494.476    -8151.621       +0.000    -0.047439  +465.380643    +0.000000 +0.4999745154 +0.5000254833 -0.5000254833 +0.4999745154 +0.00000 +0.00000 -0.00000    1000.000  1.36758 -0.0013801 +3.63883    -637.31
    13.7 +6377494.476    -8104.912       +0.000    -0.047439  +468.812743    +0.000000 +0.4999747019 +0.5000252968 -0.5000252968 +0.4999747019 +0.00000 +0.00000 -0.00000    1000.000  1.37767 -0.0013721 +3.63883    -637.37
    13.8 +6377494.476    -8057.859       +0.000    -0.047439  +472.244843    +0.000000 +0.4999748858 +0.5000251129 -0.5000251129 +0.4999748858 +0.00000 +0.00000 -0.00000    1000.000  1.38776 -0.0013639 +3.63884    -637.43
    13.9 +6377494.476    -8010.463       +0.000    -0.047439  +475.676943    +0.000000 +0.4999750670 +0.5000249317 -0.5000249317 +0.4999750670 +0.00000 +0.00000 -0.00000    1000.000  1.39784 -0.0013558 +3.63885    -637.49
    14.0 +6377494.476    -7962.723       +0.000    -0.047439  +479.109043    +0.000000 +0.4999752456 +0.5000247531 -0.5000247531 +0.4999752456 +0.00000 +0.00000 -0.00000    1000.000  1.40793 -0.0013476 +3.63885    -637.55
    14.1 +6377494.476    -7914.641       +0.000    -0.047439  +482.541143    +0.000000 +0.4999754217 +0.5000245771 -0.5000245771 +0.4999754217 +0.00000 +0.00000 -0.00000    1000.000  1.41801 -0.0013393 +3.63886    -637.61
    14.2 +6377494.476    -7866.215       +0.000    -0.047439  +485.973243    +0.000000 +0.4999755953 +0.5000244035 -0.5000244035 +0.4999755953 +0.00000 +0.00000 -0.00000    1000.000  1.42810 -0.0013310 +3.63887    -637.67
    14.3 +6377494.476    -7817.446       +0.000    -0.047439  +489.405343    +0.000000 +0.4999757664 +0.5000242324 -0.5000242324 +0.4999757664 +0.00000 +0.00000 -0.00000    1000.000  1.43818 -0.0013227 +3.63888    -637.73
    14.4 +6377494.476    -7768.334       +0.000    -0.047439  +492.837443    +0.000000 +0.4999759352 +0.5000240636 -0.5000240636 +0.4999759352 +0.00000 +0.00000 -0.00000    1000.000  1.44827 -0.0013143 +3.63888    -637.79
    14.5 +6377494.476    -7718.879       +0.000    -0.047439  +496.269543    +0.000000 +0.4999761016 +0.5000238972 -0.5000238972 +0.4999761016 +0.00000 +0.00000 -0.00000    1000.000  1.45836 -0.0013059 +3.63889    -637.85
    14.6 +6377494.476    -7669.080       +0.000    -0.047439  +499.701643    +0.000000 +0.4999762658 +0.5000237331 -0.5000237331 +0.4999762658 +0.00000 +0.00000 -0.00000    1000.000  1.46844 -0.0012975 +3.63890    -637.91
    14.7 +6377494.476    -7618.938       +0.000    -0.047439  +503.133743    +0.000000 +0.4999764277 +0.5000235712 -0.5000235712 +0.4999764277 +0.00000 +0.00000 -0.00000    1000.000  1.47853 -0.0012889 +3.63891    -637.97
    14.8 +6377494.476    -7568.453       +0.000    -0.047439  +506.565843    +0.000000 +0.4999765874 +0.5000234115 -0.5000234115 +0.4999765874 +0.00000 +0.00000 -0.00000    1000.000  1.48861 -0.0012804 +3.63891    -638.03
    14.9 +6377494.476    -7517.625       +0.000    -0.047439  +509.997943    +0.000000 +0.4999767450 +0.5000232540 -0.5000232540 +0.4999767450 +0.00000 +0.00000 -0.00000    1000.000  1.49870 -0.0012718 +3.63892    -638.09
    15.0 +6377494.476    -7466.454       +0.000    -0.047439  +513.430043    +0.000000 +0.4999769004 +0.5000230985 -0.5000230985 +0.4999769004 +0.00000 +0.00000 -0.00000    1000.000  1.50878 -0.0012631 +3.63893    -638.15
    15.1 +6377494.476    -7414.939       +0.000    -0.047439  +516.862143    +0.000000 +0.4999770538 +0.5000229451 -0.5000229451 +0.4999770538 +0.00000 +0.00000 -0.00000    1000.000  1.51887 -0.0012545 +3.63894    -638.21
    15.2 +6377494.476    -7363.081       +0.000    -0.047439  +520.294243    +0.000000 +0.4999772052 +0.5000227938 -0.5000227938 +0.4999772052 +0.00000 +0.00000 -0.00000    1000.000  1.52896 -0.0012457 +3.63894    -638.27
    15.3 +6377494.476    -7310.880       +0.000    -0.047439  +523.726343    +0.000000 +0.4999773545 +0.5000226444 -0.5000226444 +0.4999773545 +0.00000 +0.00000 -0.00000    1000.000  1.53904 -0.0012369 +3.63895    -638.33
    15.4 +6377494.476    -7258.336       +0.000    -0.047439  +527.158443    +0.000000 +0.4999775020 +0.5000224970 -0.5000224970 +0.4999775020 +0.00000 +0.00000 -0.00000    1000.000  1.54913 -0.0012281 +3.63896    -638.39
    15.5 +6377494.476    -7205.449       +0.000    -0.047439  +530.590543    +0.000000 +0.4999776475 +0.5000223515 -0.5000223515 +0.4999776475 +0.00000 +0.00000 -0.00000    1000.000  1.55921 -0.0012192 +3.63897    -638.45
    15.6 +6377494.476    -7152.218       +0.000    -0.047439  +534.022643    +0.000000 +0.4999777912 +0.5000222078 -0.5000222078 +0.4999777912 +0.00000 +0.00000 -0.00000    1000.000  1.56930 -0.0012103 +3.63898    -638.51
    15.7 +6377494.476    -7098.644       +0.000    -0.047439  +537.454743    +0.000000 +0.4999779330 +0.5000220660 -0.5000220660 +0.4999779330 +0.00000 +0.00000 -0.00000    1000.000  1.57938 -0.0012013 +3.63898    -638.57
    15.8 +6377494.476    -7044.727       +0.000    -0.047439  +540.886843    +0.000000 +0.4999780730 +0.5000219260 -0.5000219260 +0.4999780730 +0.00000 +0.00000 -0.00000    1000.000  1.58947 -0.0011923 +3.63899    -638.63
    15.9 +6377494.476    -6990.467       +0.000    -0.047439  +544.318943    +0.000000 +0.4999782113 +0.5000217878 -0.5000217878 +0.4999782113 +0.00000 +0.00000 -0.00000    1000.000  1.59955 -0.0011833 +3.63900    -638.69
    16.0 +6377494.476    -6935.863       +0.000    -0.047439  +547.751043    +0.000000 +0.4999783478 +0.5000216512 -0.5000216512 +0.4999783478 +0.00000 +0.00000 -0.00000    1000.000  1.60964 -0.0011742 +3.63901    -638.75
    16.1 +6377494.476    -6880.916       +0.000    -0.047439  +551.183143    +0.000000 +0.4999784826 +0.5000215164 -0.5000215164 +0.4999784826 +0.00000 +0.00000 -0.00000    1000.000  1.61973 -0.0011650 +3.63902    -638.81
    16.2 +6377494.476    -6825.627       +0.000    -0.047439  +554.615243    +0.000000 +0.4999786158 +0.5000213833 -0.5000213833 +0.4999786158 +0.00000 +0.00000 -0.00000    1000.000  1.62981 -0.0011558 +3.63903    -638.87
    16.3 +6377494.476    -6769.993       +0.000    -0.047439  +558.047343    +0.000000 +0.4999787473 +0.5000212518 -0.5000212518 +0.4999787473 +0.00000 +0.00000 -0.00000    1000.000  1.63990 -0.0011466 +3.63903    -638.93
    16.4 +6377494.476    -6714.017       +0.000    -0.047439  +561.479443    +0.000000 +0.4999788772 +0.5000211219 -0.5000211219 +0.4999788772 +0.00000 +0.00000 -0.00000    1000.000  1.64998 -0.0011373 +3.63904    -638.99
    16.5 +6377494.476    -6657.698       +0.000    -0.047439  +564.911543    +0.000000 +0.4999790056 +0.5000209936 -0.5000209936 +0.4999790056 +0.00000 +0.00000 -0.00000    1000.000  1.66007 -0.0011279 +3.63905    -639.05
    16.6 +6377494.476    -6601.035       +0.000    -0.047439  +568.343643    +0.000000 +0.4999791323 +0.5000208668 -0.5000208668 +0.4999791323 +0.00000 +0.00000 -0.00000    1000.000  1.67015 -0.0011185 +3.63906    -639.11
    16.7 +6377494.476    -6544.029       +0.000    -0.047439  +571.775743    +0.000000 +0.4999792576 +0.5000207415 -0.5000207415 +0.4999792576 +0.00000 +0.00000 -0.00000    1000.000  1.68024 -0.0011091 +3.63907    -639.17
    16.8 +6377494.476    -6486.680       +0.000    -0.047439  +575.207843    +0.000000 +0.4999793814 +0.5000206178 -0.5000206178 +0.4999793814 +0.00000 +0.00000 -0.00000    1000.000  1.69033 -0.0010996 +3.63908    -639.23
    16.9 +6377494.476    -6428.987       +0.000    -0.047439  +578.639943    +0.000000 +0.4999795037 +0.5000204955 -0.5000204955 +0.4999795037 +0.00000 +0.00000 -0.00000    1000.000  1.70041 -0.0010901 +3.63909    -639.28
    17.0 +6377494.476    -6370.952       +0.000    -0.047439  +582.072043    +0.000000 +0.4999796245 +0.5000203746 -0.5000203746 +0.4999796245 +0.00000 +0.00000 -0.00000    1000.000  1.71050 -0.0010805 +3.63909    -639.34
    17.1 +6377494.476    -6312.573       +0.000    -0.047439  +585.504143    +0.000000 +0.4999797440 +0.5000202552 -0.5000202552 +0.4999797440 +0.00000 +0.00000 -0.00000    1000.000  1.72058 -0.0010708 +3.63910    -639.40
    17.2 +6377494.476    -6253.851       +0.000    -0.047439  +588.936243    +0.000000 +0.4999798620 +0.5000201372 -0.5000201372 +0.4999798620 +0.00000 +0.00000 -0.00000    1000.000  1.73067 -0.0010612 +3.63911    -639.46
    17.3 +6377494.476    -6194.786       +0.000    -0.047439  +592.368343    +0.000000 +0.4999799787 +0.5000200205 -0.5000200205 +0.4999799787 +0.00000 +0.00000 -0.00000    1000.000  1.74075 -0.0010514 +3.63912    -639.52
    17.4 +6377494.476    -6135.377       +0.000    -0.047439  +595.800443    +0.000000 +0.4999800940 +0.5000199052 -0.5000199052 +0.4999800940 +0.00000 +0.00000 -0.00000    1000.000  1.75084 -0.0010417 +3.63913    -639.57
    17.5 +6377494.476    -6075.625       +0.000    -0.047439  +599.232543    +0.000000 +0.4999802080 +0.5000197912 -0.5000197912 +0.4999802080 +0.00000 +0.00000 -0.00000    1000.000  1.76093 -0.0010318 +2.57873    -639.63
    17.6 +6377494.476    -6015.600       +0.000    -0.047439  +600.463959    +0.000000 +0.4999802486 +0.5000197506 -0.5000197506 +0.4999802486 +0.00000 +0.00000 -0.00000    1000.000  1.76454 -0.0010223 +1.16405    -639.69
    17.7 +6377494.476    -5955.557       +0.000    -0.047439  +600.402916    +0.000000 +0.4999802466 +0.5000197526 -0.5000197526 +0.4999802466 +0.00000 +0.00000 -0.00000    1000.000  1.76437 -0.0010129 +1.00199    -639.74
    17.8 +6377494.476    -5895.519       +0.000    -0.047439  +600.341879    +0.000000 +0.4999802446 +0.5000197546 -0.5000197546 +0.4999802446 +0.00000 +0.00000 -0.00000    1000.000  1.76419 -0.0010034 +1.00199    -639.80
    17.9 +6377494.476    -5835.488       +0.000    -0.047439  +600.280848    +0.000000 +0.4999802426 +0.5000197566 -0.5000197566 +0.4999802426 +0.00000 +0.00000 -0.00000    1000.000  1.76401 -0.0009940 +1.00199    -639.85
    18.0 +6377494.476    -5775.463       +0.000    -0.047439  +600.219823    +0.000000 +0.4999802406 +0.5000197586 -0.5000197586 +0.4999802406 +0.00000 +0.00000 -0.00000    1000.000  1.76383 -0.0009846 +1.00199    -639.91
    18.1 +6377494.476    -5714.844       +0.000    -0.047439  +600.158194    +0.000000 +0.4999802386 +0.5000197607 -0.5000197607 +0.4999802386 +0.00000 +0.00000 -0.00000    1000.000  1.76365 -0.0009751 +1.00199    -639.96
    18.2 +6377494.476    -5654.831       +0.000    -0.047439  +600.097181    +0.000000 +0.4999802366 +0.5000197627 -0.5000197627 +0.4999802366 +0.00000 +0.00000 -0.00000    1000.000  1.76347 -0.0009657 +1.00199    -640.02
    18.3 +6377494.476    -5594.825       +0.000    -0.047439  +600.036174    +0.000000 +0.4999802345 +0.5000197647 -0.5000197647 +0.4999802345 +0.00000 +0.00000 -0.00000    1000.000  1.76329 -0.0009563 +1.00199    -640.07
    18.4 +6377494.476    -5534.824       +0.000    -0.047439  +599.975174    +0.000000 +0.4999802325 +0.5000197667 -0.5000197667 +0.4999802325 +0.00000 +0.00000 -0.00000    1000.000  1.76311 -0.0009469 +1.00199    -640.12
    18.5 +6377494.476    -5474.830       +0.000    -0.047439  +599.914179    +0.000000 +0.4999802305 +0.5000197687 -0.5000197687 +0.4999802305 +0.00000 +0.00000 -0.00000    1000.000  1.76293 -0.0009375 +1.00199    -640.17
    18.6 +6377494.476    -5414.841       +0.000    -0.047439  +599.853191    +0.000000 +0.4999802285 +0.5000197707 -0.5000197707 +0.4999802285 +0.00000 +0.00000 -0.00000    1000.000  1.76275 -0.0009281 +1.00198    -640.23
    18.7 +6377494.476    -5354.859       +0.000    -0.047439  +599.792209    +0.000000 +0.4999802265 +0.5000197727 -0.5000197727 +0.4999802265 +0.00000 +0.00000 -0.00000    1000.000  1.76257 -0.0009187 +1.00198    -640.28
    18.8 +6377494.476    -5294.883       +0.000    -0.047439  +599.731233    +0.000000 +0.4999802245 +0.5000197747 -0.5000197747 +0.4999802245 +0.00000 +0.00000 -0.00000    1000.000  1.76239 -0.0009093 +1.00198    -640.33
    18.9 +6377494.476    -5234.913       +0.000    -0.047439  +599.670263    +0.000000 +0.4999802225 +0.5000197767 -0.5000197767 +0.4999802225 +0.00000 +0.00000 -0.00000    1000.000  1.76221 -0.0008999 +1.00198    -640.38
    19.0 +6377494.476    -5174.949       +0.000    -0.047439  +599.609299    +0.000000 +0.4999802205 +0.5000197787 -0.5000197787 +0.4999802205 +0.00000 +0.00000 -0.00000    1000.000  1.76203 -0.0008906 +1.00198    -640.42
    19.1 +6377494.476    -5114.991       +0.000    -0.047439  +599.548341    +0.000000 +0.4999802185 +0.5000197808 -0.5000197808 +0.4999802185 +0.00000 +0.00000 -0.00000    1000.000  1.76185 -0.0008812 +1.00198    -640.47
    19.2 +6377494.476    -5055.039       +0.000    -0.047439  +599.487389    +0.000000 +0.4999802165 +0.5000197828 -0.5000197828 +0.4999802165 +0.00000 +0.00000 -0.00000    1000.000  1.76167 -0.0008718 +1.00198    -640.52
    19.3 +6377494.476    -4995.093       +0.000    -0.047439  +599.426443    +0.000000 +0.4999802144 +0.5000197848 -0.5000197848 +0.4999802144 +0.00000 +0.00000 -0.00000    1000.000  1.76150 -0.0008624 +1.00198    -640.57
    19.4 +6377494.476    -4935.154       +0.000    -0.047439  +599.365504    +0.000000 +0.4999802124 +0.5000197868 -0.5000197868 +0.4999802124 +0.00000 +0.00000 -0.00000    1000.000  1.76132 -0.0008530 +1.00198    -640.61
    19.5 +6377494.476    -4875.220       +0.000    -0.047439  +599.304570    +0.000000 +0.4999802104 +0.5000197888 -0.5000197888 +0.4999802104 +0.00000 +0.00000 -0.00000    1000.000  1.76114 -0.0008436 +1.78866    -640.66
    19.6 +6377494.521    -4815.293       +0.000    +1.496955  +599.239409    +0.000000 +0.5006241313 +0.4993750887 -0.4993750887 +0.5006241313 +0.00000 +0.00000 -1.54439    1000.000  1.76095 +0.0017430 +3.03822    -640.66
    19.7 +6377494.794    -4755.373       +0.000    +3.948127  +599.160324    +0.000000 +0.5016446178 +0.4983499548 -0.4983499548 +0.5016446178 +0.00000 +0.00000 -2.45117    1000.000  1.76075 +0.0058437 +3.50061    -640.43
    19.8 +6377495.311    -4695.461       +0.000    +6.398947  +599.067206    +0.000000 +0.5026631349 +0.4973226044 -0.4973226044 +0.5026631349 +0.00000 +0.00000 -2.45082    1000.000  1.76054 +0.0099449 +3.50061    -639.96
    19.9 +6377496.073    -4635.560       +0.000    +8.849358  +598.960055    +0.000000 +0.5036796911 +0.4962930271 -0.4962930271 +0.5036796911 +0.00000 +0.00000 -2.45041    1000.000  1.76032 +0.0140466 +3.50061    -639.24
    20.0 +6377497.081    -4575.670       +0.000   +11.299301  +598.838870    +0.000000 +0.5046942949 +0.4952612126 -0.4952612126 +0.5046942949 +0.00000 +0.00000 -2.44994    1000.000  1.76008 +0.0181490 +3.50061    -638.28
    20.1 +6377498.333    -4515.793       +0.000   +13.748720  +598.703653    +0.000000 +0.5057069547 +0.4942271502 -0.4942271502 +0.5057069547 +0.00000 +0.00000 -2.44942    1000.000  1.75984 +0.0222520 +3.50062    -637.07
    20.2 +6377499.831    -4455.930       +0.000   +16.197556  +598.554402    +0.000000 +0.5067176786 +0.4931908293 -0.4931908293 +0.5067176786 +0.00000 +0.00000 -2.44884    1000.000  1.75958 +0.0263558 +3.50062    -635.61
    20.3 +6377501.573    -4396.082       +0.000   +18.645753  +598.391119    +0.000000 +0.5077264750 +0.4921522393 -0.4921522393 +0.5077264750 +0.00000 +0.00000 -2.44820    1000.000  1.75931 +0.0304604 +3.50062    -633.91
    20.4 +6377503.560    -4336.252       +0.000   +21.093253  +598.213804    +0.000000 +0.5087333517 +0.4911113691 -0.4911113691 +0.5087333517 +0.00000 +0.00000 -2.44750    1000.000  1.75902 +0.0345659 +3.50062    -631.97
    20.5 +6377505.791    -4276.440       +0.000   +23.539998  +598.022457    +0.000000 +0.5097383169 +0.4900682078 -0.4900682078 +0.5097383169 +0.00000 +0.00000 -2.44675    1000.000  1.75873 +0.0386722 +3.50062    -629.77
    20.6 +6377508.268    -4216.648       +0.000   +25.985931  +597.817078    +0.000000 +0.5107413784 +0.4890227442 -0.4890227442 +0.5107413784 +0.00000 +0.00000 -2.44593    1000.000  1.75843 +0.0427795 +3.50063    -627.34
    20.7 +6377510.989    -4156.877       +0.000   +28.430993  +597.597668    +0.000000 +0.5117425440 +0.4879749673 -0.4879749673 +0.5117425440 +0.00000 +0.00000 -2.44506    1000.000  1.75811 +0.0468878 +3.50063    -624.66
    20.8 +6377513.954    -4097.129       +0.000   +30.875128  +597.364227    +0.000000 +0.5127418213 +0.4869248656 -0.4869248656 +0.5127418213 +0.00000 +0.00000 -2.44413    1000.000  1.75778 +0.0509972 +3.50063    -621.73
    20.9 +6377517.164    -4037.405       +0.000   +33.318278  +597.116757    +0.000000 +0.5137392179 +0.4858724277 -0.4858724277 +0.5137392179 +0.00000 +0.00000 -2.44315    1000.000  1.75744 +0.0551077 +3.50063    -618.56
    21.0 +6377520.617    -3977.706       +0.000   +35.760384  +596.855257    +0.000000 +0.5147347414 +0.4848176420 -0.4848176420 +0.5147347414 +0.00000 +0.00000 -2.44211    1000.000  1.75709 +0.0592194 +3.50063    -615.14
    21.1 +6377524.316    -3918.034       +0.000   +38.201389  +596.579728    +0.000000 +0.5157283991 +0.4837604969 -0.4837604969 +0.5157283991 +0.00000 +0.00000 -2.44101    1000.000  1.75672 +0.0633323 +3.50064    -611.48
    21.2 +6377528.258    -3858.390       +0.000   +40.641236  +596.290171    +0.000000 +0.5167201983 +0.4827009806 -0.4827009806 +0.5167201983 +0.00000 +0.00000 -2.43985    1000.000  1.75634 +0.0674466 +3.50064    -607.58
    21.3 +6377532.444    -3798.776       +0.000   +43.079866  +595.986587    +0.000000 +0.5177101462 +0.4816390812 -0.4816390812 +0.5177101462 +0.00000 +0.00000 -2.43863    1000.000  1.75596 +0.0715621 +3.50064    -603.42
    21.4 +6377536.874    -3739.194       +0.000   +45.517221  +595.668977    +0.000000 +0.5186982499 +0.4805747866 -0.4805747866 +0.5186982499 +0.00000 +0.00000 -2.43736    1000.000  1.75556 +0.0756791 +3.50064    -599.03
    21.5 +6377541.547    -3679.643       +0.000   +47.953243  +595.337340    +0.000000 +0.5196845164 +0.4795080848 -0.4795080848 +0.5196845164 +0.00000 +0.00000 -2.43602    1000.000  1.75515 +0.0797975 +3.50064    -594.39
    21.6 +6377546.464    -3620.127       +0.000   +50.387875  +594.991679    +0.000000 +0.5206689527 +0.4784389634 -0.4784389634 +0.5206689527 +0.00000 +0.00000 -2.43463    1000.000  1.75472 +0.0839175 +3.50064    -589.51
    21.7 +6377551.625    -3560.645       +0.000   +52.821058  +594.631994    +0.000000 +0.5216515655 +0.4773674101 -0.4773674101 +0.5216515655 +0.00000 +0.00000 -2.43318    1000.000  1.75429 +0.0880390 +3.50064    -584.38
    21.8 +6377557.028    -3501.201       +0.000   +55.252735  +594.258286    +0.000000 +0.5226323616 +0.4762934124 -0.4762934124 +0.5226323616 +0.00000 +0.00000 -2.43168    1000.000  1.75384 +0.0921621 +3.50064    -579.01
    21.9 +6377562.675    -3441.794       +0.000   +57.682846  +593.870556    +0.000000 +0.5236113475 +0.4752169576 -0.4752169576 +0.5236113475 +0.00000 +0.00000 -2.43011    1000.000  1.75338 +0.0962869 +3.50064    -573.40
    22.0 +6377568.565    -3382.427       +0.000   +60.111334  +593.468806    +0.000000 +0.5245885297 +0.4741380331 -0.4741380331 +0.5245885297 +0.00000 +0.00000 -2.42849    1000.000  1.75291 +0.1004135 +3.50065    -567.54
    22.1 +6377574.697    -3323.101       +0.000   +62.538140  +593.053036    +0.000000 +0.5255639148 +0.4730566260 -0.4730566260 +0.5255639148 +0.00000 +0.00000 -2.42681    1000.000  1.75243 +0.1045418 +3.50065    -561.44
    22.2 +6377581.073    -3263.817       +0.000   +64.963206  +592.623247    +0.000000 +0.5265375090 +0.4719727234 -0.4719727234 +0.5265375090 +0.00000 +0.00000 -2.42507    1000.000  1.75194 +0.1086720 +3.50065    -555.09
    22.3 +6377587.690    -3204.577       +0.000   +67.386473  +592.179442    +0.000000 +0.5275093186 +0.4708863120 -0.4708863120 +0.5275093186 +0.00000 +0.00000 -2.42327    1000.000  1.75143 +0.1128041 +3.50065    -548.50
    22.4 +6377594.550    -3145.381       +0.000   +69.807883  +591.721620    +0.000000 +0.5284793496 +0.4697973788 -0.4697973788 +0.5284793496 +0.00000 +0.00000 -2.42141    1000.000  1.75091 +0.1169382 +3.50065    -541.67
    22.5 +6377601.652    -3086.233       +0.000   +72.227378  +591.249785    +0.000000 +0.5294476081 +0.4687059103 -0.4687059103 +0.5294476081 +0.00000 +0.00000 -2.41949    1000.000  1.75038 +0.1210743 +3.50065    -534.60
    22.6 +6377608.995    -3027.132       +0.000   +74.644898  +590.763936    +0.000000 +0.5304141000 +0.4676118931 -0.4676118931 +0.5304141000 +0.00000 +0.00000 -2.41752    1000.000  1.74984 +0.1252125 +3.50065    -527.29
    22.7 +6377616.580    -2968.080       +0.000   +77.060385  +590.264076    +0.000000 +0.5313788311 +0.4665153136 -0.4665153136 +0.5313788311 +0.00000 +0.00000 -2.41549    1000.000  1.74929 +0.1293528 +3.50065    -519.73
    22.8 +6377624.407    -2909.080       +0.000   +79.473780  +589.750205    +0.000000 +0.5323418073 +0.4654161581 -0.4654161581 +0.5323418073 +0.00000 +0.00000 -2.41340    1000.000  1.74873 +0.1334953 +3.50065    -511.93
    22.9 +6377632.475    -2850.131       +0.000   +81.885024  +589.222327    +0.000000 +0.5333030340 +0.4643144128 -0.4643144128 +0.5333030340 +0.00000 +0.00000 -2.41124    1000.000  1.74815 +0.1376400 +3.50065    -503.89
    23.0 +6377640.700    -2791.824       +0.000   +84.269979  +588.685929    +0.000000 +0.5342529307 +0.4632211200 -0.4632211200 +0.5342529307 +0.00000 +0.00000 -2.38495    1000.000  1.74757 +0.1417456 +3.50065    -495.69
    23.1 +6377649.247    -2732.983       +0.000   +86.676767  +588.130179    +0.000000 +0.5352106925 +0.4621141792 -0.4621141792 +0.5352106925 +0.00000 +0.00000 -2.40679    1000.000  1.74697 +0.1458950 +3.50065    -487.17
    23.2 +6377658.035    -2674.199       +0.000   +89.081228  +587.560425    +0.000000 +0.5361667212 +0.4610046064 -0.4610046064 +0.5361667212 +0.00000 +0.00000 -2.40446    1000.000  1.74636 +0.1500468 +3.50065    -478.40
    23.3 +6377667.063    -2615.472       +0.000   +91.483302  +586.976670    +0.000000 +0.5371210219 +0.4598923872 -0.4598923872 +0.5371210219 +0.00000 +0.00000 -2.40207    1000.000  1.74573 +0.1542011 +3.50065    -469.40
    23.4 +6377676.332    -2556.804       +0.000   +93.882929  +586.378915    +0.000000 +0.5380735999 +0.4587775072 -0.4587775072 +0.5380735999 +0.00000 +0.00000 -2.39963    1000.000  1.74510 +0.1583580 +3.50065    -460.16
    23.5 +6377685.840    -2498.196       +0.000   +96.280051  +585.767162    +0.000000 +0.5390244601 +0.4576599518 -0.4576599518 +0.5390244601 +0.00000 +0.00000 -2.39712    1000.000  1.74445 +0.1625174 +3.50065    -450.67
    23.6 +6377695.588    -2439.651       +0.000   +98.674608  +585.141414    +0.000000 +0.5399736074 +0.4565397062 -0.4565397062 +0.5399736074 +0.00000 +0.00000 -2.39456    1000.000  1.74380 +0.1666795 +3.50065    -440.95
    23.7 +6377705.575    -2381.169       +0.000  +101.066540  +584.501672    +0.000000 +0.5409210467 +0.4554167555 -0.4554167555 +0.5409210467 +0.00000 +0.00000 -2.39193    1000.000  1.74313 +0.1708443 +3.50065    -430.98
    23.8 +6377715.801    -2322.751       +0.000  +103.455787  +583.847938    +0.000000 +0.5418667828 +0.4542910848 -0.4542910848 +0.5418667828 +0.00000 +0.00000 -2.38925    1000.000  1.74244 +0.1750119 +3.50065    -420.78
    23.9 +6377726.266    -2264.399       +0.000  +105.842290  +583.180215    +0.000000 +0.5428108201 +0.4531626789 -0.4531626789 +0.5428108201 +0.00000 +0.00000 -2.38650    1000.000  1.74175 +0.1791823 +3.50064    -410.33
    24.0 +6377736.969    -2206.115       +0.000  +108.225988  +582.498505    +0.000000 +0.5437531633 +0.4520315225 -0.4520315225 +0.5437531633 +0.00000 +0.00000 -2.38370    1000.000  1.74105 +0.1833556 +3.50064    -399.65
    24.1 +6377747.911    -2147.900       +0.000  +110.606822  +581.802811    +0.000000 +0.5446938168 +0.4508976003 -0.4508976003 +0.5446938168 +0.00000 +0.00000 -2.38083    1000.000  1.74033 +0.1875318 +3.50064    -388.73
    24.2 +6377759.090    -2089.755       +0.000  +112.984731  +581.093134    +0.000000 +0.5456327848 +0.4497608966 -0.4497608966 +0.5456327848 +0.00000 +0.00000 -2.37791    1000.000  1.73960 +0.1917111 +3.50064    -377.57
    24.3 +6377770.508    -2031.682       +0.000  +115.359656  +580.369477    +0.000000 +0.5465700716 +0.4486213958 -0.4486213958 +0.5465700716 +0.00000 +0.00000 -2.37492    1000.000  1.73886 +0.1958934 +3.50064    -366.17
    24.4 +6377782.162    -1973.682       +0.000  +117.731535  +579.631843    +0.000000 +0.5475056813 +0.4474790821 -0.4474790821 +0.5475056813 +0.00000 +0.00000 -2.37188    1000.000  1.73811 +0.2000788 +3.50064    -354.53
    24.5 +6377794.054    -1915.756       +0.000  +120.100308  +578.880234    +0.000000 +0.5484396178 +0.4463339395 -0.4463339395 +0.5484396178 +0.00000 +0.00000 -2.36877    1000.000  1.73734 +0.2042675 +3.50064    -342.66
    24.6 +6377806.182    -1857.906       +0.000  +122.465914  +578.114652    +0.000000 +0.5493718851 +0.4451859520 -0.4451859520 +0.5493718851 +0.00000 +0.00000 -2.36561    1000.000  1.73657 +0.2084594 +3.50064    -330.55
    24.7 +6377818.547    -1800.134       +0.000  +124.828294  +577.335102    +0.000000 +0.5503024869 +0.4440351032 -0.4440351032 +0.5503024869 +0.00000 +0.00000 -2.36238    1000.000  1.73578 +0.2126546 +3.50064    -318.20
    24.8 +6377831.148    -1742.440       +0.000  +127.187385  +576.541584    +0.000000 +0.5512314269 +0.4428813768 -0.4428813768 +0.5512314269 +0.00000 +0.00000 -2.35909    1000.000  1.73498 +0.2168532 +3.50063    -305.61
    24.9 +6377843.984    -1684.826       +0.000  +129.543127  +575.734103    +0.000000 +0.5521587087 +0.4417247564 -0.4417247564 +0.5521587087 +0.00000 +0.00000 -2.35574    1000.000  1.73417 +0.2210552 +3.50063    -292.79
    25.0 +6377857.056    -1627.293       +0.000  +131.895458  +574.912661    +0.000000 +0.5530843357 +0.4405652251 -0.4405652251 +0.5530843357 +0.00000 +0.00000 -2.35233    1000.000  1.73335 +0.2252607 +3.50063    -279.74
    25.1 +6377870.363    -1569.844       +0.000  +134.244318  +574.077262    +0.000000 +0.5540083113 +0.4394027662 -0.4394027662 +0.5540083113 +0.00000 +0.00000 -2.34886    1000.000  1.73252 +0.2294697 +3.50063    -266.44
    25.2 +6377883.905    -1512.478       +0.000  +136.589645  +573.227907    +0.000000 +0.5549306387 +0.4382373628 -0.4382373628 +0.5549306387 +0.00000 +0.00000 -2.34533    1000.000  1.73167 +0.2336824 +3.50063    -252.92
    25.3 +6377897.681    -1455.199       +0.000  +138.931377  +572.364601    +0.000000 +0.5558513211 +0.4370689978 -0.4370689978 +0.5558513211 +0.00000 +0.00000 -2.34173    1000.000  1.73081 +0.2378987 +3.50063    -239.15
    25.4 +6377911.691    -1398.006       +0.000  +141.269453  +571.487347    +0.000000 +0.5567703614 +0.4358976538 -0.4358976538 +0.5567703614 +0.00000 +0.00000 -2.33808    1000.000  1.72994 +0.2421188 +3.50062    -225.16
    25.5 +6377925.935    -1340.902       +0.000  +143.603811  +570.596148    +0.000000 +0.5576877626 +0.4347233136 -0.4347233136 +0.5576877626 +0.00000 +0.00000 -2.33436    1000.000  1.72906 +0.2463427 +3.50062    -210.92
    25.6 +6377940.412    -1283.887       +0.000  +145.934388  +569.691007    +0.000000 +0.5586035275 +0.4335459595 -0.4335459595 +0.5586035275 +0.00000 +0.00000 -2.33058    1000.000  1.72817 +0.2505704 +3.50062    -196.46
    25.7 +6377955.122    -1226.964       +0.000  +148.261124  +568.771928    +0.000000 +0.5595176588 +0.4323655739 -0.4323655739 +0.5595176588 +0.00000 +0.00000 -2.32674    1000.000  1.72727 +0.2548021 +3.50062    -181.76
    25.8 +6377970.064    -1170.133       +0.000  +150.583954  +567.838915    +0.000000 +0.5604301589 +0.4311821390 -0.4311821390 +0.5604301589 +0.00000 +0.00000 -2.32283    1000.000  1.72635 +0.2590377 +3.50062    -166.83
    25.9 +6377985.238    -1113.397       +0.000  +152.902818  +566.891970    +0.000000 +0.5613410305 +0.4299956366 -0.4299956366 +0.5613410305 +0.00000 +0.00000 -2.31886    1000.000  1.72542 +0.2632775 +3.50061    -151.66
    26.0 +6378000.644    -1056.755       +0.000  +155.217653  +565.931099    +0.000000 +0.5622502757 +0.4288060488 -0.4288060488 +0.5622502757 +0.00000 +0.00000 -2.31483    1000.000  1.72448 +0.2675213 +3.50061    -136.27
    26.1 +6378016.282    -1000.211       +0.000  +157.528395  +564.956304    +0.000000 +0.5631578969 +0.4276133570 -0.4276133570 +0.5631578969 +0.00000 +0.00000 -2.31074    1000.000  1.72353 +0.2717693 +3.50061    -120.64
    26.2 +6378032.150     -943.765       +0.000  +159.834982  +563.967590    +0.000000 +0.5640638962 +0.4264175430 -0.4264175430 +0.5640638962 +0.00000 +0.00000 -2.30659    1000.000  1.72257 +0.2760215 +3.50061    -104.78
    26.3 +6378048.249     -887.418       +0.000  +162.137351  +562.964961    +0.000000 +0.5649682755 +0.4252185881 -0.4252185881 +0.5649682755 +0.00000 +0.00000 -2.30237    1000.000  1.72159 +0.2802781 +3.50060     -88.69
    26.4 +6378064.577     -831.172       +0.000  +164.435438  +561.948420    +0.000000 +0.5658710367 +0.4240164735 -0.4240164735 +0.5658710367 +0.00000 +0.00000 -2.29809    1000.000  1.72061 +0.2845390 +3.50060     -72.37
    26.5 +6378081.135     -775.029       +0.000  +166.729180  +560.917973    +0.000000 +0.5667721816 +0.4228111802 -0.4228111802 +0.5667721816 +0.00000 +0.00000 -2.29374    1000.000  1.71961 +0.2888044 +3.50060     -55.82
    26.6 +6378097.923     -718.989       +0.000  +169.018514  +559.873622    +0.000000 +0.5676717119 +0.4216026892 -0.4216026892 +0.5676717119 +0.00000 +0.00000 -2.28933    1000.000  1.71860 +0.2930743 +3.50059     -39.04
    26.7 +6378114.939     -663.054       +0.000  +171.303376  +558.815373    +0.000000 +0.5685696289 +0.4203909812 -0.4203909812 +0.5685696289 +0.00000 +0.00000 -2.28486    1000.000  1.71758 +0.2973487 +3.50059     -22.03
    26.8 +6378132.183     -607.226       +0.000  +173.583702  +557.743230    +0.000000 +0.5694659341 +0.4191760368 -0.4191760368 +0.5694659341 +0.00000 +0.00000 -2.28033    1000.000  1.71655 +0.3016278 +3.50059      -4.79
    26.9 +6378149.831     -550.949       +0.000  +175.882162  +556.646267    +0.000000 +0.5703695677 +0.4179456379 -0.4179456379 +0.5703695677 +0.00000 +0.00000 -2.29846    1000.000  1.71550 +0.3059544 +3.50059     +12.86
    27.0 +6378167.533     -495.340       +0.000  +178.153176  +555.546211    +0.000000 +0.5712626370 +0.4167241289 -0.4167241289 +0.5712626370 +0.00000 +0.00000 -2.27101    1000.000  1.71444 +0.3102430 +3.50058     +30.55
    27.1 +6378185.462     -439.841       +0.000  +180.419461  +554.432276    +0.000000 +0.5721540979 +0.4154993240 -0.4154993240 +0.5721540979 +0.00000 +0.00000 -2.26628    1000.000  1.71338 +0.3145364 +3.50058     +48.48
    27.2 +6378203.617     -384.454       +0.000  +182.680952  +553.304465    +0.000000 +0.5730439514 +0.4142712032 -0.4142712032 +0.5730439514 +0.00000 +0.00000 -2.26149    1000.000  1.71230 +0.3188347 +3.50058     +66.63
    27.3 +6378221.998     -329.180       +0.000  +184.937584  +552.162784    +0.000000 +0.5739321982 +0.4130397462 -0.4130397462 +0.5739321982 +0.00000 +0.00000 -2.25663    1000.000  1.71122 +0.3231380 +3.50057     +85.01
    27.4 +6378240.604     -274.022       +0.000  +187.189292  +551.007238    +0.000000 +0.5748188389 +0.4118049325 -0.4118049325 +0.5748188389 +0.00000 +0.00000 -2.25171    1000.000  1.71203 +0.3274463 +3.50057    +103.61
    27.5 +6378259.436     -218.979       +0.000  +189.436010  +549.837833    +0.000000 +0.5757038741 +0.4105667416 -0.4105667416 +0.5757038741 +0.00000 +0.00000 -2.24672    1000.000  1.71092 +0.3317598 +3.50057    +122.44
    27.6 +6378278.491     -164.055       +0.000  +191.677675  +548.654572    +0.000000 +0.5765873042 +0.4093251527 -0.4093251527 +0.5765873042 +0.00000 +0.00000 -2.24166    1000.000  1.70979 +0.3360784 +3.50056    +141.49
    27.7 +6378297.771     -109.249       +0.000  +193.914219  +547.457463    +0.000000 +0.5774691294 +0.4080801449 -0.4080801449 +0.5774691294 +0.00000 +0.00000 -2.23654    1000.000  1.70866 +0.3404022 +3.50056    +160.77
    27.8 +6378317.274      -54.564       +0.000  +196.145577  +546.246511    +0.000000 +0.5783493498 +0.4068316969 -0.4068316969 +0.5783493498 +0.00000 +0.00000 -2.23136    1000.000  1.70751 +0.3447313 +3.50055    +180.27
    27.9 +6378337.000       +0.000       +0.000  +198.371683  +545.021720    +0.000000 +0.5792279653 +0.4055797877 -0.4055797877 +0.5792279653 +0.00000 +0.00000 -2.22611    1000.000  1.70827 +0.3490659 +3.50056    +200.00
    27.9 +6378337.000       +0.000       +0.000  +198.371683  +545.021720    +0.000000 +0.5792279653 +0.4055797877 -0.4055797877 +0.5792279653 +0.00000 +0.00000 +0.00000    1000.000  1.70827 +0.3490659 +1.00000    +200.00    +0.000000    +0.000000
